0 1 0
0 2 0
1 2 0
3 4 0
3 5 0
4 5 0
10 11 0
11 12 0
10 12 0
20 21 0
21 22 0
20 22 0

0 3 1
2 5 1
1 4 1
10 20 1
12 22 1
11 21 1
30 31 1
31 32 1
30 32 1

0 1 2
1 2 2
2 3 2
3 4 2
4 5 2
10 11 2
11 12 2
12 13 2
20 21 2
21 22 2
22 23 2

5 10 3
4 11 3
3 12 3
2 20 3
1 21 3
0 22 3
30 33 3
31 34 3
32 35 3

0 1 4
0 2 4
0 3 4
1 3 4
2 3 4
10 11 4
10 12 4
11 12 4
20 21 4
20 22 4
21 22 4

40 41 5
41 42 5
42 43 5
43 44 5
40 44 5
30 40 5
20 30 5
10 20 5

0 5 6
1 4 6
2 3 6
10 13 6
11 14 6
12 15 6
20 23 6
21 24 6
22 25 6

3 10 7
4 11 7
5 12 7
13 20 7
14 21 7
15 22 7
30 36 7
31 37 7
32 38 7

0 1 8
1 2 8
2 0 8
3 4 8
4 5 8
5 3 8
10 11 8
11 12 8
12 10 8

5 20 9
4 21 9
3 22 9
2 23 9
1 24 9
0 25 9

30 31 10
31 32 10
32 33 10
33 34 10
34 30 10
20 30 10
10 20 10

0 10 11
1 11 11
2 12 11
3 13 11
4 14 11
5 15 11

40 45 12
41 46 12
42 47 12
43 48 12
44 49 12
30 40 12

0 1 13
1 2 13
2 3 13
3 4 13
4 5 13
5 0 13

10 11 14
11 12 14
12 13 14
13 14 14
14 15 14
15 10 14

20 21 15
21 22 15
22 23 15
23 24 15
24 25 15
25 20 15

5 30 16
4 31 16
3 32 16
2 33 16
1 34 16
0 35 16

40 41 17
41 42 17
42 43 17
43 44 17
44 45 17
45 40 17

10 40 18
11 41 18
12 42 18
13 43 18
14 44 18
15 45 18

0 20 19
1 21 19
2 22 19
3 23 19
4 24 19
5 25 19
